Result is:
2.429390
2.462511
1.437287
2.851629
3.093248
3.093248
3.093248
3.093248
3.093248
3.093248
3.093248
3.093248
3.093248
3.093248
3.093248
3.093248
3.093248
3.093248
3.093248
3.093248
3.093248
3.093248
3.093248
3.093248
3.093248
3.093248
3.093248
3.093248
3.093248
3.093248
3.093248
3.093248
3.093248
3.093248
3.093248
3.093248
3.093248
3.093248
3.093248
3.093248
3.093248
3.093248
3.093248
3.093248
3.093248
3.093248
3.093248
3.093248
3.093248
3.093248
3.093248
3.093248
3.093248
3.093248
3.093248
3.093248
3.093248
3.093248
3.093248
3.093248
3.093248
3.093248
3.093248
3.093248
3.093248
3.093248
3.093248
3.093248
3.093248
3.093248
3.093248
3.093248
3.093248
3.093248
3.093248
3.093248
3.093248
3.093248
3.093248
3.093248
3.093248
3.093248
3.093248
3.093248
3.093248
3.093248
3.093248
3.093248
3.093248
3.093248
3.093248
3.093248
3.093248
3.093248
3.093248
3.093248
3.093248
3.093248
3.093248
3.093248
3.093248
3.093248
3.093248
3.093248
3.093248
3.093248
3.093248
3.093248
3.093248
3.093248
3.093248
3.093248
3.093248
3.093248
3.093248
3.093248
3.093248
3.093248
3.093248
3.093248
3.093248
3.093248
3.093248
3.093248
3.093248
2.985959
1.715137
1.431616
0.681246
